5 1707736034 0.000000 1 0.000000 0.000000 0.000000
6 1707736034 0.000000 1 0.000000 0.000000 0.000000
7 1707736034 0.000000 1 0.000000 0.000000 0.000000
5 1707736039 0.000000 1 0.000000 0.000000 0.000000
6 1707736039 0.000000 1 0.000000 0.000000 0.000000
7 1707736039 0.000000 1 0.000000 0.000000 0.000000
5 1707736044 0.000000 1 0.000000 0.000000 0.000000
6 1707736044 0.000000 1 0.000000 0.000000 0.000000
7 1707736044 0.000000 1 0.000000 0.000000 0.000000
5 1707736049 0.000000 1 0.000000 0.000000 0.000000
6 1707736049 0.000000 1 0.000000 0.000000 0.000000
7 1707736049 0.000000 1 0.000000 0.000000 0.000000
5 1707736054 0.000000 1 0.000000 0.000000 0.000000
6 1707736054 0.000000 1 0.000000 0.000000 0.000000
7 1707736054 0.000000 1 0.000000 0.000000 0.000000
5 1707736059 0.000000 1 0.000000 0.000000 0.000000
6 1707736059 0.000000 1 0.000000 0.000000 0.000000
7 1707736059 0.000000 1 0.000000 0.000000 0.000000
5 1707736064 0.000000 1 0.000000 0.000000 0.000000
6 1707736064 0.000000 1 0.000000 0.000000 0.000000
7 1707736064 0.000000 1 0.000000 0.000000 0.000000
5 1707736069 0.000000 1 0.000000 0.000000 0.000000
6 1707736069 0.000000 1 0.000000 0.000000 0.000000
7 1707736069 0.000000 1 0.000000 0.000000 0.000000
5 1707736074 0.000000 1 0.000000 0.000000 0.000000
6 1707736074 0.000000 1 0.000000 0.000000 0.000000
7 1707736074 0.000000 1 0.000000 0.000000 0.000000
5 1707736079 0.000000 1 0.000000 0.000000 0.000000
6 1707736079 0.000000 1 0.000000 0.000000 0.000000
7 1707736079 0.000000 1 0.000000 0.000000 0.000000
5 1707736084 0.000000 1 0.000000 0.000000 0.000000
6 1707736084 0.000000 1 0.000000 0.000000 0.000000
7 1707736084 0.000000 1 0.000000 0.000000 0.000000
5 1707736089 0.000000 1 0.000000 0.000000 0.000000
6 1707736089 0.000000 1 0.000000 0.000000 0.000000
7 1707736089 0.000000 1 0.000000 0.000000 0.000000
5 1707736094 0.000000 1 0.000000 0.000000 0.000000
6 1707736094 0.000000 1 0.000000 0.000000 0.000000
7 1707736094 0.000000 1 0.000000 0.000000 0.000000
5 1707736099 0.000000 1 0.000000 0.000000 0.000000
6 1707736099 0.000000 1 0.000000 0.000000 0.000000
7 1707736099 0.000000 1 0.000000 0.000000 0.000000
5 1707736104 0.000000 1 0.000000 0.000000 0.000000
6 1707736104 0.000000 1 0.000000 0.000000 0.000000
7 1707736104 0.000000 1 0.000000 0.000000 0.000000
5 1707736109 0.000000 1 0.000000 0.000000 0.000000
6 1707736109 0.000000 1 0.000000 0.000000 0.000000
7 1707736109 0.000000 1 0.000000 0.000000 0.000000
5 1707736114 0.000000 1 0.000000 0.000000 0.000000
6 1707736114 0.000000 1 0.000000 0.000000 0.000000
7 1707736114 0.000000 1 0.000000 0.000000 0.000000
5 1707736119 0.000000 1 0.000000 0.000000 0.000000
6 1707736119 0.000000 1 0.000000 0.000000 0.000000
7 1707736119 0.000000 1 0.000000 0.000000 0.000000
5 1707736124 0.000000 1 0.000000 0.000000 0.000000
6 1707736124 0.000000 1 0.000000 0.000000 0.000000
7 1707736124 0.000000 1 0.000000 0.000000 0.000000
5 1707736129 0.000000 1 0.000000 0.000000 0.000000
6 1707736129 0.000000 1 0.000000 0.000000 0.000000
7 1707736129 0.000000 1 0.000000 0.000000 0.000000
5 1707736134 0.000000 1 0.000000 0.000000 0.000000
6 1707736134 0.000000 1 0.000000 0.000000 0.000000
7 1707736134 0.000000 1 0.000000 0.000000 0.000000
5 1707736139 0.000000 1 0.000000 0.000000 0.000000
6 1707736139 0.000000 1 0.000000 0.000000 0.000000
7 1707736139 0.000000 1 0.000000 0.000000 0.000000
5 1707736144 0.000000 1 0.000000 0.000000 0.000000
6 1707736144 0.000000 1 0.000000 0.000000 0.000000
7 1707736144 0.000000 1 0.000000 0.000000 0.000000
5 1707736149 0.000000 1 0.000000 0.000000 0.000000
6 1707736149 0.000000 1 0.000000 0.000000 0.000000
7 1707736149 0.000000 1 0.000000 0.000000 0.000000
5 1707736154 0.000000 1 0.000000 0.000000 0.000000
6 1707736154 0.000000 1 0.000000 0.000000 0.000000
7 1707736154 0.000000 1 0.000000 0.000000 0.000000
5 1707736159 0.000000 1 0.000000 0.000000 0.000000
6 1707736159 0.000000 1 0.000000 0.000000 0.000000
7 1707736159 0.000000 1 0.000000 0.000000 0.000000
5 1707736164 0.000000 1 0.000000 0.000000 0.000000
6 1707736164 0.000000 1 0.000000 0.000000 0.000000
7 1707736164 0.000000 1 0.000000 0.000000 0.000000
5 1707736169 0.000000 1 0.000000 0.000000 0.000000
6 1707736169 0.000000 1 0.000000 0.000000 0.000000
7 1707736169 0.000000 1 0.000000 0.000000 0.000000
5 1707736174 0.000000 1 0.000000 0.000000 0.000000
6 1707736174 0.000000 1 0.000000 0.000000 0.000000
7 1707736174 0.000000 1 0.000000 0.000000 0.000000
5 1707736179 0.000000 1 0.000000 0.000000 0.000000
6 1707736179 0.000000 1 0.000000 0.000000 0.000000
7 1707736179 0.000000 1 0.000000 0.000000 0.000000
5 1707736184 0.000000 1 0.000000 0.000000 0.000000
6 1707736184 0.000000 1 0.000000 0.000000 0.000000
7 1707736184 0.000000 1 0.000000 0.000000 0.000000
5 1707736189 0.000000 1 0.000000 0.000000 0.000000
6 1707736189 0.000000 1 0.000000 0.000000 0.000000
7 1707736189 0.000000 1 0.000000 0.000000 0.000000
5 1707736194 0.000000 1 0.000000 0.000000 0.000000
6 1707736194 0.000000 1 0.000000 0.000000 0.000000
7 1707736194 0.000000 1 0.000000 0.000000 0.000000
5 1707736199 0.000000 1 0.000000 0.000000 0.000000
6 1707736199 0.000000 1 0.000000 0.000000 0.000000
7 1707736199 0.000000 1 0.000000 0.000000 0.000000
5 1707736204 0.000000 1 0.000000 0.000000 0.000000
6 1707736204 0.000000 1 0.000000 0.000000 0.000000
7 1707736204 0.000000 1 0.000000 0.000000 0.000000
5 1707736209 0.000000 1 0.000000 0.000000 0.000000
6 1707736209 0.000000 1 0.000000 0.000000 0.000000
7 1707736209 0.000000 1 0.000000 0.000000 0.000000
5 1707736214 0.000000 1 0.000000 0.000000 0.000000
6 1707736214 0.000000 1 0.000000 0.000000 0.000000
7 1707736214 0.000000 1 0.000000 0.000000 0.000000
5 1707736219 0.000000 1 0.000000 0.000000 0.000000
6 1707736219 0.000000 1 0.000000 0.000000 0.000000
7 1707736219 0.000000 1 0.000000 0.000000 0.000000
5 1707736224 0.000000 1 0.000000 0.000000 0.000000
6 1707736224 0.000000 1 0.000000 0.000000 0.000000
7 1707736224 0.000000 1 0.000000 0.000000 0.000000
5 1707736229 0.000000 1 0.000000 0.000000 0.000000
6 1707736229 0.000000 1 0.000000 0.000000 0.000000
7 1707736229 0.000000 1 0.000000 0.000000 0.000000
5 1707736234 0.000000 1 0.000000 0.000000 0.000000
6 1707736234 0.000000 1 0.000000 0.000000 0.000000
7 1707736234 0.000000 1 0.000000 0.000000 0.000000
5 1707736239 0.000000 1 0.000000 0.000000 0.000000
6 1707736239 0.000000 1 0.000000 0.000000 0.000000
7 1707736239 0.000000 1 0.000000 0.000000 0.000000
5 1707736244 0.000000 1 0.000000 0.000000 0.000000
6 1707736244 0.000000 1 0.000000 0.000000 0.000000
7 1707736244 0.000000 1 0.000000 0.000000 0.000000
5 1707736249 0.000000 1 0.000000 0.000000 0.000000
6 1707736249 0.000000 1 0.000000 0.000000 0.000000
7 1707736249 0.000000 1 0.000000 0.000000 0.000000
5 1707736254 0.000000 1 0.000000 0.000000 0.000000
6 1707736254 0.000000 1 0.000000 0.000000 0.000000
7 1707736254 0.000000 1 0.000000 0.000000 0.000000
5 1707736259 0.000000 1 0.000000 0.000000 0.000000
6 1707736259 0.000000 1 0.000000 0.000000 0.000000
7 1707736259 0.000000 1 0.000000 0.000000 0.000000
5 1707736264 0.000000 1 0.000000 0.000000 0.000000
6 1707736264 0.000000 1 0.000000 0.000000 0.000000
7 1707736264 0.000000 1 0.000000 0.000000 0.000000
5 1707736269 0.000000 1 0.000000 0.000000 0.000000
6 1707736269 0.000000 1 0.000000 0.000000 0.000000
7 1707736269 0.000000 1 0.000000 0.000000 0.000000
5 1707736274 0.000000 1 0.000000 0.000000 0.000000
6 1707736274 0.000000 1 0.000000 0.000000 0.000000
7 1707736274 0.000000 1 0.000000 0.000000 0.000000
5 1707736279 0.000000 1 0.000000 0.000000 0.000000
6 1707736279 0.000000 1 0.000000 0.000000 0.000000
7 1707736279 0.000000 1 0.000000 0.000000 0.000000
5 1707736284 0.000000 1 0.000000 0.000000 0.000000
6 1707736284 0.000000 1 0.000000 0.000000 0.000000
7 1707736284 0.000000 1 0.000000 0.000000 0.000000
5 1707736289 0.000000 1 0.000000 0.000000 0.000000
6 1707736289 0.000000 1 0.000000 0.000000 0.000000
7 1707736289 0.000000 1 0.000000 0.000000 0.000000
5 1707736294 0.000000 1 0.000000 0.000000 0.000000
6 1707736294 0.000000 1 0.000000 0.000000 0.000000
7 1707736294 0.000000 1 0.000000 0.000000 0.000000
5 1707736299 0.000000 1 0.000000 0.000000 0.000000
6 1707736299 0.000000 1 0.000000 0.000000 0.000000
7 1707736299 0.000000 1 0.000000 0.000000 0.000000
5 1707736304 0.000000 1 0.000000 0.000000 0.000000
6 1707736304 0.000000 1 0.000000 0.000000 0.000000
7 1707736304 0.000000 1 0.000000 0.000000 0.000000
5 1707736309 0.000000 1 0.000000 0.000000 0.000000
6 1707736309 0.000000 1 0.000000 0.000000 0.000000
7 1707736309 0.000000 1 0.000000 0.000000 0.000000
5 1707736314 0.000000 1 0.000000 0.000000 0.000000
6 1707736314 0.000000 1 0.000000 0.000000 0.000000
7 1707736314 0.000000 1 0.000000 0.000000 0.000000
5 1707736319 0.000000 1 0.000000 0.000000 0.000000
6 1707736319 0.000000 1 0.000000 0.000000 0.000000
7 1707736319 0.000000 1 0.000000 0.000000 0.000000
5 1707736324 0.000000 1 0.000000 0.000000 0.000000
6 1707736324 0.000000 1 0.000000 0.000000 0.000000
7 1707736324 0.000000 1 0.000000 0.000000 0.000000
5 1707736329 0.000000 1 0.000000 0.000000 0.000000
6 1707736329 0.000000 1 0.000000 0.000000 0.000000
7 1707736329 0.000000 1 0.000000 0.000000 0.000000
5 1707736334 0.000000 1 0.000000 0.000000 0.000000
6 1707736334 0.000000 1 0.000000 0.000000 0.000000
7 1707736334 0.000000 1 0.000000 0.000000 0.000000
5 1707736339 0.000000 1 0.000000 0.000000 0.000000
6 1707736339 0.000000 1 0.000000 0.000000 0.000000
7 1707736339 0.000000 1 0.000000 0.000000 0.000000
5 1707736344 0.000000 1 0.000000 0.000000 0.000000
6 1707736344 0.000000 1 0.000000 0.000000 0.000000
7 1707736344 0.000000 1 0.000000 0.000000 0.000000
5 1707736349 0.000000 1 0.000000 0.000000 0.000000
6 1707736349 0.000000 1 0.000000 0.000000 0.000000
7 1707736349 0.000000 1 0.000000 0.000000 0.000000
5 1707736354 0.000000 1 0.000000 0.000000 0.000000
6 1707736354 0.000000 1 0.000000 0.000000 0.000000
7 1707736354 0.000000 1 0.000000 0.000000 0.000000
5 1707736359 0.000000 1 0.000000 0.000000 0.000000
6 1707736359 0.000000 1 0.000000 0.000000 0.000000
7 1707736359 0.000000 1 0.000000 0.000000 0.000000
5 1707736364 0.000000 1 0.000000 0.000000 0.000000
6 1707736364 0.000000 1 0.000000 0.000000 0.000000
7 1707736364 0.000000 1 0.000000 0.000000 0.000000
5 1707736369 0.000000 1 0.000000 0.000000 0.000000
6 1707736369 0.000000 1 0.000000 0.000000 0.000000
7 1707736369 0.000000 1 0.000000 0.000000 0.000000
5 1707736374 0.000000 1 0.000000 0.000000 0.000000
6 1707736374 0.000000 1 0.000000 0.000000 0.000000
7 1707736374 0.000000 1 0.000000 0.000000 0.000000
5 1707736379 0.000000 1 0.000000 0.000000 0.000000
6 1707736379 0.000000 1 0.000000 0.000000 0.000000
7 1707736379 0.000000 1 0.000000 0.000000 0.000000
5 1707736384 0.000000 1 0.000000 0.000000 0.000000
6 1707736384 0.000000 1 0.000000 0.000000 0.000000
7 1707736384 0.000000 1 0.000000 0.000000 0.000000
5 1707736389 0.000000 1 0.000000 0.000000 0.000000
6 1707736389 0.000000 1 0.000000 0.000000 0.000000
7 1707736389 0.000000 1 0.000000 0.000000 0.000000
5 1707736394 0.000000 1 0.000000 0.000000 0.000000
6 1707736394 0.000000 1 0.000000 0.000000 0.000000
7 1707736394 0.000000 1 0.000000 0.000000 0.000000
5 1707736399 0.000000 1 0.000000 0.000000 0.000000
6 1707736399 0.000000 1 0.000000 0.000000 0.000000
7 1707736399 0.000000 1 0.000000 0.000000 0.000000
5 1707736404 0.000000 1 0.000000 0.000000 0.000000
6 1707736404 0.000000 1 0.000000 0.000000 0.000000
7 1707736404 0.000000 1 0.000000 0.000000 0.000000
5 1707736409 0.000000 1 0.000000 0.000000 0.000000
6 1707736409 0.000000 1 0.000000 0.000000 0.000000
7 1707736409 0.000000 1 0.000000 0.000000 0.000000
5 1707736414 0.000000 1 0.000000 0.000000 0.000000
6 1707736414 0.000000 1 0.000000 0.000000 0.000000
7 1707736414 0.000000 1 0.000000 0.000000 0.000000
5 1707736419 0.000000 1 0.000000 0.000000 0.000000
6 1707736419 0.000000 1 0.000000 0.000000 0.000000
7 1707736419 0.000000 1 0.000000 0.000000 0.000000
5 1707736424 0.000000 1 0.000000 0.000000 0.000000
6 1707736424 0.000000 1 0.000000 0.000000 0.000000
7 1707736424 0.000000 1 0.000000 0.000000 0.000000
5 1707736429 0.000000 1 0.000000 0.000000 0.000000
6 1707736429 0.000000 1 0.000000 0.000000 0.000000
7 1707736429 0.000000 1 0.000000 0.000000 0.000000
5 1707736434 0.000000 1 0.000000 0.000000 0.000000
6 1707736434 0.000000 1 0.000000 0.000000 0.000000
7 1707736434 0.000000 1 0.000000 0.000000 0.000000
5 1707736439 0.000000 1 0.000000 0.000000 0.000000
6 1707736439 0.000000 1 0.000000 0.000000 0.000000
7 1707736439 0.000000 1 0.000000 0.000000 0.000000
5 1707736444 0.000000 1 0.000000 0.000000 0.000000
6 1707736444 0.000000 1 0.000000 0.000000 0.000000
7 1707736444 0.000000 1 0.000000 0.000000 0.000000
5 1707736449 0.000000 1 0.000000 0.000000 0.000000
6 1707736449 0.000000 1 0.000000 0.000000 0.000000
7 1707736449 0.000000 1 0.000000 0.000000 0.000000
5 1707736454 0.000000 1 0.000000 0.000000 0.000000
6 1707736454 0.000000 1 0.000000 0.000000 0.000000
7 1707736454 0.000000 1 0.000000 0.000000 0.000000
5 1707736459 0.000000 1 0.000000 0.000000 0.000000
6 1707736459 0.000000 1 0.000000 0.000000 0.000000
7 1707736459 0.000000 1 0.000000 0.000000 0.000000
5 1707736464 0.000000 1 0.000000 0.000000 0.000000
6 1707736464 0.000000 1 0.000000 0.000000 0.000000
7 1707736464 0.000000 1 0.000000 0.000000 0.000000
5 1707736469 0.000000 1 0.000000 0.000000 0.000000
6 1707736469 0.000000 1 0.000000 0.000000 0.000000
7 1707736469 0.000000 1 0.000000 0.000000 0.000000
5 1707736474 0.000000 1 0.000000 0.000000 0.000000
6 1707736474 0.000000 1 0.000000 0.000000 0.000000
7 1707736474 0.000000 1 0.000000 0.000000 0.000000
5 1707736479 0.000000 1 0.000000 0.000000 0.000000
6 1707736479 0.000000 1 0.000000 0.000000 0.000000
7 1707736479 0.000000 1 0.000000 0.000000 0.000000
5 1707736484 0.000000 1 0.000000 0.000000 0.000000
6 1707736484 0.000000 1 0.000000 0.000000 0.000000
7 1707736484 0.000000 1 0.000000 0.000000 0.000000
5 1707736489 0.000000 1 0.000000 0.000000 0.000000
6 1707736489 0.000000 1 0.000000 0.000000 0.000000
7 1707736489 0.000000 1 0.000000 0.000000 0.000000
5 1707736494 0.000000 1 0.000000 0.000000 0.000000
6 1707736494 0.000000 1 0.000000 0.000000 0.000000
7 1707736494 0.000000 1 0.000000 0.000000 0.000000
5 1707736499 0.000000 1 0.000000 0.000000 0.000000
6 1707736499 0.000000 1 0.000000 0.000000 0.000000
7 1707736499 0.000000 1 0.000000 0.000000 0.000000
5 1707736504 0.000000 1 0.000000 0.000000 0.000000
6 1707736504 0.000000 1 0.000000 0.000000 0.000000
7 1707736504 0.000000 1 0.000000 0.000000 0.000000
5 1707736509 0.000000 1 0.000000 0.000000 0.000000
6 1707736509 0.000000 1 0.000000 0.000000 0.000000
7 1707736509 0.000000 1 0.000000 0.000000 0.000000
5 1707736514 0.000000 1 0.000000 0.000000 0.000000
6 1707736514 0.000000 1 0.000000 0.000000 0.000000
7 1707736514 0.000000 1 0.000000 0.000000 0.000000
5 1707736519 0.000000 1 0.000000 0.000000 0.000000
6 1707736519 0.000000 1 0.000000 0.000000 0.000000
7 1707736519 0.000000 1 0.000000 0.000000 0.000000
5 1707736524 0.000000 1 0.000000 0.000000 0.000000
6 1707736524 0.000000 1 0.000000 0.000000 0.000000
7 1707736524 0.000000 1 0.000000 0.000000 0.000000
5 1707736529 0.000000 1 0.000000 0.000000 0.000000
6 1707736529 0.000000 1 0.000000 0.000000 0.000000
7 1707736529 0.000000 1 0.000000 0.000000 0.000000
5 1707736534 0.000000 1 0.000000 0.000000 0.000000
6 1707736534 0.000000 1 0.000000 0.000000 0.000000
7 1707736534 0.000000 1 0.000000 0.000000 0.000000
5 1707736539 0.000000 1 0.000000 0.000000 0.000000
6 1707736539 0.000000 1 0.000000 0.000000 0.000000
7 1707736539 0.000000 1 0.000000 0.000000 0.000000
5 1707736544 0.000000 1 0.000000 0.000000 0.000000
6 1707736544 0.000000 1 0.000000 0.000000 0.000000
7 1707736544 0.000000 1 0.000000 0.000000 0.000000
5 1707736549 0.000000 1 0.000000 0.000000 0.000000
6 1707736549 0.000000 1 0.000000 0.000000 0.000000
7 1707736549 0.000000 1 0.000000 0.000000 0.000000
5 1707736554 0.000000 1 0.000000 0.000000 0.000000
6 1707736554 0.000000 1 0.000000 0.000000 0.000000
7 1707736554 0.000000 1 0.000000 0.000000 0.000000
5 1707736559 0.000000 1 0.000000 0.000000 0.000000
6 1707736559 0.000000 1 0.000000 0.000000 0.000000
7 1707736559 0.000000 1 0.000000 0.000000 0.000000
5 1707736564 0.000000 1 0.000000 0.000000 0.000000
6 1707736564 0.000000 1 0.000000 0.000000 0.000000
7 1707736564 0.000000 1 0.000000 0.000000 0.000000
5 1707736569 0.000000 1 0.000000 0.000000 0.000000
6 1707736569 0.000000 1 0.000000 0.000000 0.000000
7 1707736569 0.000000 1 0.000000 0.000000 0.000000
5 1707736574 0.000000 1 0.000000 0.000000 0.000000
6 1707736574 0.000000 1 0.000000 0.000000 0.000000
7 1707736574 0.000000 1 0.000000 0.000000 0.000000
5 1707736579 0.000000 1 0.000000 0.000000 0.000000
6 1707736579 0.000000 1 0.000000 0.000000 0.000000
7 1707736579 0.000000 1 0.000000 0.000000 0.000000
5 1707736584 0.000000 1 0.000000 0.000000 0.000000
6 1707736584 0.000000 1 0.000000 0.000000 0.000000
7 1707736584 0.000000 1 0.000000 0.000000 0.000000
5 1707736589 0.000000 1 0.000000 0.000000 0.000000
6 1707736589 0.000000 1 0.000000 0.000000 0.000000
7 1707736589 0.000000 1 0.000000 0.000000 0.000000
5 1707736594 0.000000 1 0.000000 0.000000 0.000000
6 1707736594 0.000000 1 0.000000 0.000000 0.000000
7 1707736594 0.000000 1 0.000000 0.000000 0.000000
